# Thu 18:16:54 10-Jan-2008
begin	identify id_vph_red_og590.0001 - Ap 1
	id	id_vph_red_og590.0001
	task	identify
	image	id_vph_red_og590.0001 - Ap 1
	aperture	1
	aplow	2099.74
	aphigh	2120.41
	units	Angstroms
	features	28
	        129.86 6163.52586  6163.5939   4.0 1 1 NeI(5)
	        180.14 6217.21341  6217.2813   4.0 1 1 NeI(1)
	        226.05 6266.44262   6266.495   4.0 1 1 NeI(5)
	        261.77 6304.87307  6304.7892   4.0 1 1 NeI
	        289.16 6334.42959  6334.4279   4.0 1 1 NeI(1)
	        334.08  6383.0405  6382.9914   4.0 1 1 NeI(3)
	        351.82 6402.28435   6402.246   4.0 1 1 NeI(1)
	        447.54 6506.59718  6506.5279   4.0 1 1 NeI(3)
	        471.61 6532.95968  6532.8824   4.0 1 1 NeI
	        531.77 6599.02998  6598.9529   4.0 1 1 NeI(6)
	        638.53 6717.00328  6717.0428   4.0 1 1 NeI
	        828.79 6929.37961   6929.468   4.0 1 1 NeI(6)
	        920.19 7032.32141  7032.4127   4.0 1 1 NeI(1)
	       1045.05 7173.82002   7173.939   4.0 1 1 NeI(6)
	       1107.56 7245.03257   7245.167   4.0 1 1 NeI(3)
	       1139.39 7281.38045   7281.349   4.0 1 1 HeI
	       1229.01 7384.02692    7383.98   4.0 1 1 AI
	       1333.18 7503.89358   7503.867   4.0 1 1 AI(8)
	       1342.54 7514.68842   7514.651   4.0 1 1 AI
	       1446.72 7635.15847   7635.105   4.0 1 1 AI(1)
	       1523.21 7723.93435     7723.8   4.0 1 1 blend AI(1) 7723.760 and AI(6) 7724.206
	       1857.85 8115.24975   8115.311   4.0 1 1 AI(1)
	       1984.69 8264.64385   8264.521   4.0 1 1 AI(8)
	       2119.96 8424.53895   8424.647   4.0 1 1 AI(3)
	       2201.71 8521.40925   8521.441   4.0 1 1 AI(8)
	       2706.72 9122.94958   9122.966   4.0 1 1 AI(1)
	       2791.69 9224.52689   9224.498   4.0 1 1 AI(8)
	       3153.85 9657.78382   9657.784   4.0 1 1 AI(3)
	function spline3
	order 3
	sample *
	naverage 1
	niterate 0
	low_reject 3.
	high_reject 3.
	grow 0.
	coefficients	10
		3.
		3.
		1.
		4064.
		777.1195073973025
		999.3876044442075
		1252.375759682085
		1520.560751495312
		1791.857355333433
		2052.064099058351

