# Fri 17:49:19 11-Jan-2008
begin	identify id_vph_all_open.0001 - Ap 1
	id	id_vph_all_open.0001
	task	identify
	image	id_vph_all_open.0001 - Ap 1
	aperture	1
	aplow	2099.74
	aphigh	2120.41
	units	Angstroms
	features	36
	        643.82   3888.646   3888.646   4.0 1 1 HeI
	       1089.36 4713.16425   4713.143   4.0 1 1 HeI
	       1197.65 4921.87054   4921.929   4.0 1 1 HeI
	       1245.94 5015.69888   5015.675   4.0 1 1 HeI
	       1668.23 5852.45585  5852.4878   4.0 1 1 NeI(6)
	       1714.20 5944.88578  5944.8342   4.0 1 1 NeI(1)
	       1756.48 6030.09487  6029.9971   4.0 1 1 NeI(3)
	       1778.39 6074.31013  6074.3377   4.0 1 1 NeI(3)
	       1789.20 6096.15728   6096.163   4.0 1 1 NeI
	       1812.40 6143.03175  6143.0623   4.0 1 1 NeI(1)
	       1822.59  6163.6543  6163.5939   4.0 1 1 NeI(5)
	       1849.07 6217.26157  6217.2813   4.0 1 1 NeI(1)
	       1873.33 6266.41443   6266.495   4.0 1 1 NeI(5)
	       1892.22 6304.74295  6304.7892   4.0 1 1 NeI
	       1906.89 6334.51342  6334.4279   4.0 1 1 NeI(1)
	       1930.84 6383.16346  6382.9914   4.0 1 1 NeI(3)
	       1940.16 6402.09806   6402.246   4.0 1 1 NeI(1)
	       1991.46 6506.48295  6506.5279   4.0 1 1 NeI(3)
	       2004.35  6532.7479  6532.8824   4.0 1 1 NeI
	       2036.82  6598.9554  6598.9529   4.0 1 1 NeI(6)
	       2075.74 6678.39123     6678.2   4.0 1 1 blend HeI 6678.149 with NeI 6678.2764
	       2094.69 6717.10095  6717.0428   4.0 1 1 NeI
	       2198.39 6929.33793   6929.468   4.0 1 1 NeI(6)
	       2216.06 6965.56679    6965.43   4.0 1 1 AI(1)
	       2248.57 7032.26642  7032.4127   4.0 1 1 NeI(1)
	       2317.49 7173.78516   7173.939   4.0 1 1 NeI(6)
	       2352.11 7244.97486   7245.167   4.0 1 1 NeI(3)
	       2419.78 7384.20871    7383.98   4.0 1 1 AI
	       2541.64 7635.33461   7635.105   4.0 1 1 AI(1)
	       2693.20 7948.11842   7948.175   4.0 1 1 AI(6)
	       2846.36 8264.51804   8264.521   4.0 1 1 AI(8)
	       2970.65 8521.34778   8521.441   4.0 1 1 AI(8)
	       3041.62 8667.95678   8667.943   4.0 1 1 AI(6)
	       3262.08 9123.04508   9122.966   4.0 1 1 AI(1)
	       3311.27 9224.44844   9224.498   4.0 1 1 AI(8)
	       3521.87 9657.78453   9657.784   4.0 1 1 AI(3)
	function spline3
	order 5
	sample *
	naverage 1
	niterate 0
	low_reject 3.
	high_reject 3.
	grow 0.
	coefficients	12
		3.
		5.
		1.
		4064.
		642.265931399881
		459.6281015334175
		693.8106700627704
		959.4080470452786
		1236.67962241457
		1517.25672277478
		1795.309480948377
		2065.455281022553

