# Mon 16:29:50 14-Jan-2008
begin	identify id_vph_blue_open.0001 - Ap 1
	id	id_vph_blue_open.0001
	task	identify
	image	id_vph_blue_open.0001 - Ap 1
	aperture	1
	aplow	2099.74
	aphigh	2120.41
	units	Angstroms
	features	14
	         97.48 3888.64063   3888.646   4.0 1 1 HeI
	       1029.52 4471.53686   4471.477   4.0 1 1 HeI
	       1393.77 4713.06085   4713.143   4.0 1 1 HeI
	       1701.77 4921.92104   4921.929   4.0 1 1 HeI
	       1838.37 5015.70179   5015.675   4.0 1 1 HeI
	       3158.21 5944.89998  5944.8342   4.0 1 1 NeI(1)
	       3277.61 6030.01707  6029.9971   4.0 1 1 NeI(3)
	       3370.38 6096.15896   6096.163   4.0 1 1 NeI
	       3436.12 6143.02983  6143.0623   4.0 1 1 NeI(1)
	       3464.92 6163.55273  6163.5939   4.0 1 1 NeI(5)
	       3609.34 6266.44524   6266.495   4.0 1 1 NeI(5)
	       3704.80 6334.38965  6334.4279   4.0 1 1 NeI(1)
	       3800.24 6402.23694   6402.246   4.0 1 1 NeI(1)
	       3947.27 6506.56225  6506.5279   4.0 1 1 NeI(3)
	function spline3
	order 2
	sample *
	naverage 1
	niterate 0
	low_reject 3.
	high_reject 3.
	grow 0.
	coefficients	9
		3.
		2.
		1.
		4064.
		458.4588980966747
		629.5515389251757
		855.0995481111653
		1100.079971836937
		1333.762743542475

